#NOTE: MSDs should be divided by the temperature.
#NOTE: MSDs have been divided by 2 or 10 (i.e., the viscosity computed from all components).
#Time	MSD_xx	MSD_yy	MSD_zz	MSD_xy	MSD_xz	MSD_yz	MSD_off	MSD_all	MSD_all2	MSD_bulkvisc
 10 1.0178e+09 1.02012e+09 1.01982e+09 1.02175e+09 1.02216e+09 1.02151e+09 1.02181e+09 1.02078e+09 1.02053e+09 1.15577e+09
 20 3.24822e+09 3.25637e+09 3.25614e+09 3.26501e+09 3.26556e+09 3.26129e+09 3.26396e+09 3.2598e+09 3.25877e+09 4.30028e+09
 30 6.74762e+09 6.7657e+09 6.76285e+09 6.7842e+09 6.78545e+09 6.77545e+09 6.7817e+09 6.77251e+09 6.77021e+09 9.26494e+09
 40 1.10198e+10 1.10509e+10 1.1042e+10 1.10817e+10 1.10843e+10 1.10646e+10 1.10769e+10 1.10612e+10 1.10572e+10 1.57068e+10
 50 1.56709e+10 1.57182e+10 1.56994e+10 1.57635e+10 1.57679e+10 1.57337e+10 1.57551e+10 1.57315e+10 1.57256e+10 2.33393e+10
 60 2.08587e+10 2.0925e+10 2.08924e+10 2.09851e+10 2.09937e+10 2.09391e+10 2.09726e+10 2.09404e+10 2.09323e+10 3.2047e+10
 70 2.60157e+10 2.61024e+10 2.60545e+10 2.61812e+10 2.61936e+10 2.61116e+10 2.61621e+10 2.61203e+10 2.61098e+10 4.1487e+10
 80 3.15084e+10 3.16185e+10 3.15538e+10 3.17181e+10 3.17346e+10 3.16196e+10 3.16907e+10 3.16385e+10 3.16255e+10 5.16135e+10
 90 3.70109e+10 3.71459e+10 3.70658e+10 3.72709e+10 3.72905e+10 3.71362e+10 3.72325e+10 3.71692e+10 3.71534e+10 6.21535e+10
 100 4.2682e+10 4.28464e+10 4.27526e+10 4.30019e+10 4.30236e+10 4.28256e+10 4.29504e+10 4.28744e+10 4.28554e+10 7.30225e+10
 110 4.86009e+10 4.87992e+10 4.86927e+10 4.89878e+10 4.90123e+10 4.87655e+10 4.89219e+10 4.88322e+10 4.88098e+10 8.4131e+10
 120 5.46118e+10 5.48496e+10 5.47318e+10 5.50763e+10 5.51035e+10 5.48042e+10 5.49947e+10 5.48892e+10 5.48629e+10 9.53383e+10
 130 6.10103e+10 6.12961e+10 6.11657e+10 6.15601e+10 6.1594e+10 6.12383e+10 6.14641e+10 6.13414e+10 6.13107e+10 1.06686e+11
 140 6.75181e+10 6.78593e+10 6.77147e+10 6.81615e+10 6.8205e+10 6.77901e+10 6.80522e+10 6.79102e+10 6.78748e+10 1.18034e+11
 150 7.43486e+10 7.47557e+10 7.45937e+10 7.50942e+10 7.51531e+10 7.46765e+10 7.49746e+10 7.48111e+10 7.47703e+10 1.29436e+11
 160 8.13535e+10 8.18347e+10 8.16504e+10 8.22059e+10 8.22862e+10 8.17425e+10 8.20782e+10 8.18921e+10 8.18455e+10 1.40831e+11
 170 8.8523e+10 8.90882e+10 8.88764e+10 8.94917e+10 8.9597e+10 8.89814e+10 8.93567e+10 8.91457e+10 8.9093e+10 1.52219e+11
 180 9.59296e+10 9.65873e+10 9.63403e+10 9.702e+10 9.7155e+10 9.64592e+10 9.6878e+10 9.66411e+10 9.65819e+10 1.63633e+11
 190 1.03409e+11 1.04166e+11 1.03877e+11 1.04631e+11 1.04795e+11 1.04013e+11 1.0448e+11 1.04215e+11 1.04149e+11 1.75027e+11
 200 1.11145e+11 1.1201e+11 1.11668e+11 1.12507e+11 1.12702e+11 1.11825e+11 1.12345e+11 1.1205e+11 1.11976e+11 1.86476e+11
 210 1.18987e+11 1.19965e+11 1.19564e+11 1.20499e+11 1.20721e+11 1.19741e+11 1.2032e+11 1.19994e+11 1.19913e+11 1.97937e+11
 220 1.27053e+11 1.28153e+11 1.27686e+11 1.2873e+11 1.28976e+11 1.27884e+11 1.2853e+11 1.2817e+11 1.2808e+11 2.09466e+11
 230 1.35319e+11 1.36545e+11 1.36007e+11 1.3717e+11 1.37435e+11 1.3622e+11 1.36942e+11 1.36548e+11 1.36449e+11 2.21061e+11
 240 1.43761e+11 1.45121e+11 1.44507e+11 1.45803e+11 1.46081e+11 1.44734e+11 1.45539e+11 1.45109e+11 1.45001e+11 2.32733e+11
 250 1.52458e+11 1.53959e+11 1.53265e+11 1.54702e+11 1.54992e+11 1.535e+11 1.54398e+11 1.5393e+11 1.53813e+11 2.44519e+11
 250 1.52981e+11 1.53826e+11 1.53588e+11 1.54874e+11 1.54726e+11 1.53448e+11 1.54349e+11 1.53995e+11 1.53907e+11 2.4464e+11
 500 4.1427e+11 4.2162e+11 4.17522e+11 4.2314e+11 4.24614e+11 4.16556e+11 4.21437e+11 4.19984e+11 4.1962e+11 5.84326e+11
 750 7.40994e+11 7.58008e+11 7.47021e+11 7.59612e+11 7.66406e+11 7.45251e+11 7.5709e+11 7.53724e+11 7.52882e+11 1.01164e+12
 1000 1.11879e+12 1.14789e+12 1.128e+12 1.15113e+12 1.16445e+12 1.12594e+12 1.14717e+12 1.14093e+12 1.13937e+12 1.51032e+12
 1250 1.5384e+12 1.58044e+12 1.55209e+12 1.58623e+12 1.61015e+12 1.54618e+12 1.58086e+12 1.5713e+12 1.56892e+12 2.06679e+12
 1500 1.99353e+12 2.04928e+12 2.01216e+12 2.05503e+12 2.0963e+12 1.99755e+12 2.04963e+12 2.03711e+12 2.03397e+12 2.66723e+12
 1750 2.47651e+12 2.5488e+12 2.50508e+12 2.55289e+12 2.61868e+12 2.47634e+12 2.5493e+12 2.53364e+12 2.52972e+12 3.30722e+12
 2000 2.98237e+12 3.07306e+12 3.02387e+12 3.07598e+12 3.17065e+12 2.97999e+12 3.07554e+12 3.0559e+12 3.05099e+12 3.98269e+12
 2250 3.50763e+12 3.61865e+12 3.56655e+12 3.62288e+12 3.74883e+12 3.50147e+12 3.62439e+12 3.60035e+12 3.59433e+12 4.68846e+12
 2500 4.05183e+12 4.18313e+12 4.13031e+12 4.18701e+12 4.34872e+12 4.03675e+12 4.19082e+12 4.1632e+12 4.15629e+12 5.4177e+12
 2750 4.61265e+12 4.76299e+12 4.71249e+12 4.76513e+12 4.96881e+12 4.58308e+12 4.77234e+12 4.74182e+12 4.73419e+12 6.17229e+12
 3000 5.18658e+12 5.35598e+12 5.30986e+12 5.35548e+12 5.60629e+12 5.14138e+12 5.36771e+12 5.33429e+12 5.32593e+12 6.94395e+12
 3250 5.77064e+12 5.96122e+12 5.92065e+12 5.95779e+12 6.25839e+12 5.71035e+12 5.97551e+12 5.93897e+12 5.92984e+12 7.72996e+12
 3500 6.36361e+12 6.57772e+12 6.54177e+12 6.57164e+12 6.92383e+12 6.29174e+12 6.59573e+12 6.55519e+12 6.54505e+12 8.53048e+12
 3750 6.96603e+12 7.20198e+12 7.17127e+12 7.19558e+12 7.60414e+12 6.88194e+12 7.22722e+12 7.18157e+12 7.17016e+12 9.34379e+12
 4000 7.57662e+12 7.83399e+12 7.811e+12 7.82768e+12 8.29401e+12 7.4797e+12 7.86713e+12 7.81649e+12 7.80383e+12 1.01693e+13
 4250 8.1949e+12 8.47132e+12 8.46056e+12 8.46723e+12 8.99436e+12 8.0853e+12 8.51563e+12 8.45962e+12 8.44561e+12 1.10096e+13
 4500 8.81955e+12 9.11281e+12 9.11768e+12 9.11057e+12 9.70387e+12 8.69657e+12 9.17034e+12 9.10887e+12 9.09351e+12 1.18618e+13
 4750 9.44818e+12 9.75852e+12 9.77998e+12 9.75708e+12 1.04225e+13 9.31449e+12 9.83137e+12 9.76371e+12 9.7468e+12 1.27245e+13
 5000 1.00809e+13 1.04081e+13 1.04471e+13 1.0407e+13 1.11474e+13 9.93993e+12 1.04981e+13 1.04237e+13 1.04051e+13 1.35986e+13
 5250 1.0717e+13 1.10616e+13 1.11186e+13 1.10595e+13 1.18804e+13 1.05727e+13 1.11709e+13 1.10888e+13 1.10683e+13 1.44812e+13
 5500 1.13539e+13 1.17174e+13 1.17925e+13 1.17159e+13 1.26222e+13 1.12085e+13 1.18489e+13 1.17578e+13 1.17351e+13 1.53717e+13
 5750 1.19916e+13 1.23745e+13 1.24684e+13 1.23756e+13 1.3371e+13 1.18478e+13 1.25315e+13 1.24301e+13 1.24048e+13 1.62698e+13
 6000 1.26308e+13 1.30345e+13 1.31488e+13 1.30367e+13 1.41267e+13 1.249e+13 1.32178e+13 1.31059e+13 1.30779e+13 1.71759e+13
 6250 1.32746e+13 1.3698e+13 1.38333e+13 1.36987e+13 1.48874e+13 1.31356e+13 1.39072e+13 1.37851e+13 1.37546e+13 1.80891e+13
 6250 1.32222e+13 1.36497e+13 1.37321e+13 1.3792e+13 1.51228e+13 1.32498e+13 1.40549e+13 1.38468e+13 1.37948e+13 1.78617e+13
 12500 3.03049e+13 3.02941e+13 3.14534e+13 3.05809e+13 3.44122e+13 3.02074e+13 3.17335e+13 3.13137e+13 3.12088e+13 4.18231e+13
 18750 4.83829e+13 4.84266e+13 4.93885e+13 4.78265e+13 5.42457e+13 4.76355e+13 4.99026e+13 4.94346e+13 4.93176e+13 6.72878e+13
 25000 6.68322e+13 6.71645e+13 6.65589e+13 6.60036e+13 7.50725e+13 6.57707e+13 6.89489e+13 6.81101e+13 6.79004e+13 9.38514e+13
 31250 8.41962e+13 8.62837e+13 8.43905e+13 8.42278e+13 9.54591e+13 8.42358e+13 8.79742e+13 8.67673e+13 8.64655e+13 1.18884e+14
 37500 9.99618e+13 1.05607e+14 1.01788e+14 1.02322e+14 1.16118e+14 1.02634e+14 1.07025e+14 1.05196e+14 1.04739e+14 1.42817e+14
 43750 1.14488e+14 1.24858e+14 1.19462e+14 1.20594e+14 1.3652e+14 1.20633e+14 1.25916e+14 1.23391e+14 1.22759e+14 1.6674e+14
 50000 1.28708e+14 1.44399e+14 1.36161e+14 1.38934e+14 1.57411e+14 1.39255e+14 1.452e+14 1.41689e+14 1.40811e+14 1.90672e+14
 56250 1.42208e+14 1.64303e+14 1.52342e+14 1.57175e+14 1.77782e+14 1.58839e+14 1.64599e+14 1.5994e+14 1.58775e+14 2.14544e+14
 62500 1.55343e+14 1.83916e+14 1.68369e+14 1.74416e+14 1.97345e+14 1.78027e+14 1.83263e+14 1.77641e+14 1.76236e+14 2.3726e+14
 68750 1.68251e+14 2.03424e+14 1.85906e+14 1.91899e+14 2.15726e+14 1.96264e+14 2.01297e+14 1.95122e+14 1.93578e+14 2.58468e+14
 75000 1.80662e+14 2.22829e+14 2.0462e+14 2.09287e+14 2.33609e+14 2.14194e+14 2.1903e+14 2.12499e+14 2.10867e+14 2.81069e+14
 81250 1.9209e+14 2.42149e+14 2.23327e+14 2.25996e+14 2.51214e+14 2.32403e+14 2.36538e+14 2.29598e+14 2.27863e+14 3.02629e+14
 87500 2.03793e+14 2.62006e+14 2.43225e+14 2.4225e+14 2.6863e+14 2.51532e+14 2.54137e+14 2.47019e+14 2.45239e+14 3.2472e+14
 93750 2.1621e+14 2.81976e+14 2.62936e+14 2.5828e+14 2.85815e+14 2.70385e+14 2.71493e+14 2.64379e+14 2.626e+14 3.46918e+14
 100000 2.29102e+14 3.01634e+14 2.82183e+14 2.74089e+14 3.03493e+14 2.90403e+14 2.89328e+14 2.81986e+14 2.80151e+14 3.69962e+14
 106250 2.4252e+14 3.21392e+14 3.01057e+14 2.89162e+14 3.21116e+14 3.10429e+14 3.06903e+14 2.99471e+14 2.97613e+14 3.9363e+14
 112500 2.5618e+14 3.4242e+14 3.18956e+14 3.04353e+14 3.38134e+14 3.30608e+14 3.24365e+14 3.1696e+14 3.15109e+14 4.16901e+14
 118750 2.69359e+14 3.63327e+14 3.3655e+14 3.20007e+14 3.56576e+14 3.50689e+14 3.42424e+14 3.34686e+14 3.32751e+14 4.41364e+14
 125000 2.82771e+14 3.84718e+14 3.54969e+14 3.36207e+14 3.75728e+14 3.69903e+14 3.60613e+14 3.52695e+14 3.50716e+14 4.67651e+14
 131250 2.95972e+14 4.06635e+14 3.74325e+14 3.52897e+14 3.95678e+14 3.89147e+14 3.79241e+14 3.71135e+14 3.69109e+14 4.9469e+14
 137500 3.09186e+14 4.29749e+14 3.94625e+14 3.6986e+14 4.1745e+14 4.0801e+14 3.9844e+14 3.90205e+14 3.88147e+14 5.22069e+14
 143750 3.23301e+14 4.53638e+14 4.14848e+14 3.8671e+14 4.39177e+14 4.27768e+14 4.17885e+14 4.09636e+14 4.07574e+14 5.50038e+14
 150000 3.36686e+14 4.77655e+14 4.35224e+14 4.03458e+14 4.61771e+14 4.47651e+14 4.37627e+14 4.29185e+14 4.27074e+14 5.78771e+14
 156250 3.50511e+14 5.02671e+14 4.55655e+14 4.20391e+14 4.8281e+14 4.68097e+14 4.57099e+14 4.48771e+14 4.46689e+14 6.09552e+14
 156250 2.84144e+14 4.20387e+14 4.51251e+14 4.17307e+14 4.5973e+14 5.19479e+14 4.65505e+14 4.33407e+14 4.25383e+14 6.49532e+14
 312500 5.95486e+14 1.15494e+15 1.03773e+15 7.1564e+14 1.10036e+15 1.11161e+15 9.7587e+14 9.57278e+14 9.52629e+14 1.52049e+15
 468750 8.37735e+14 1.94382e+15 1.51552e+15 9.86647e+14 1.69929e+15 1.56974e+15 1.41856e+15 1.42408e+15 1.42546e+15 2.31295e+15
 625000 1.24536e+15 2.81448e+15 1.95288e+15 1.33501e+15 2.11697e+15 1.98689e+15 1.81296e+15 1.88947e+15 1.9086e+15 3.01722e+15
 781250 1.60683e+15 3.78049e+15 2.43148e+15 1.66061e+15 2.55752e+15 2.26473e+15 2.16095e+15 2.33908e+15 2.38361e+15 3.74846e+15
 937500 1.85206e+15 4.77972e+15 2.94452e+15 1.95372e+15 2.77138e+15 2.42686e+15 2.38399e+15 2.70723e+15 2.78804e+15 4.5942e+15
 1.09375e+06 2.17857e+15 5.71531e+15 3.47439e+15 2.20678e+15 2.78762e+15 2.58869e+15 2.5277e+15 3.03239e+15 3.15856e+15 5.30605e+15
 1.25e+06 2.58246e+15 6.57952e+15 4.06084e+15 2.64344e+15 2.88598e+15 2.63917e+15 2.72286e+15 3.39676e+15 3.56524e+15 6.19617e+15
 1.40625e+06 2.8594e+15 7.34756e+15 4.58668e+15 2.97156e+15 3.03154e+15 2.87022e+15 2.95777e+15 3.74715e+15 3.94449e+15 7.10167e+15
 1.5625e+06 3.09742e+15 7.97102e+15 5.00007e+15 3.20776e+15 3.34067e+15 3.34508e+15 3.29784e+15 4.12117e+15 4.32701e+15 7.72019e+15
 1.71875e+06 3.39018e+15 8.49635e+15 5.46434e+15 3.47505e+15 3.60888e+15 3.82776e+15 3.63723e+15 4.49579e+15 4.71043e+15 7.9458e+15
 1.875e+06 3.68199e+15 8.89933e+15 5.70565e+15 3.62171e+15 3.69944e+15 4.34178e+15 3.88764e+15 4.77085e+15 4.99165e+15 8.12023e+15
 2.03125e+06 3.85705e+15 9.10328e+15 5.87467e+15 3.72165e+15 3.75212e+15 5.03715e+15 4.17031e+15 5.01352e+15 5.22432e+15 8.3583e+15
 2.1875e+06 4.21394e+15 9.25735e+15 6.15e+15 3.97625e+15 3.89492e+15 5.69031e+15 4.52049e+15 5.32847e+15 5.53046e+15 8.3966e+15
 2.34375e+06 4.50887e+15 9.53604e+15 6.33789e+15 4.23181e+15 4.24248e+15 5.97993e+15 4.81808e+15 5.60855e+15 5.80617e+15 8.33098e+15
 2.5e+06 4.70206e+15 9.97293e+15 6.57843e+15 4.44716e+15 4.76935e+15 6.37637e+15 5.19763e+15 5.95237e+15 6.14105e+15 7.97089e+15
 2.65625e+06 5.06888e+15 1.04923e+16 6.98864e+15 4.45324e+15 5.31136e+15 6.67315e+15 5.47925e+15 6.29419e+15 6.49793e+15 7.63032e+15
 2.8125e+06 5.32622e+15 1.0978e+16 7.5928e+15 4.49536e+15 5.93575e+15 6.88899e+15 5.77337e+15 6.6503e+15 6.86953e+15 7.23942e+15
 2.96875e+06 5.57296e+15 1.13855e+16 8.3079e+15 4.55827e+15 6.63525e+15 7.25274e+15 6.14875e+15 7.0581e+15 7.28544e+15 6.99075e+15
 3.125e+06 5.77966e+15 1.19981e+16 9.17477e+15 4.57838e+15 7.39653e+15 7.44576e+15 6.47356e+15 7.4778e+15 7.72886e+15 6.79636e+15
 3.28125e+06 5.73635e+15 1.26539e+16 1.01294e+16 4.58156e+15 7.9389e+15 8.12991e+15 6.88346e+15 7.93269e+15 8.195e+15 7.07783e+15
 3.4375e+06 5.56227e+15 1.32815e+16 1.10503e+16 4.59838e+15 8.48992e+15 9.02637e+15 7.37155e+15 8.40881e+15 8.66813e+15 7.48719e+15
 3.59375e+06 5.4347e+15 1.37287e+16 1.19044e+16 4.61958e+15 8.95262e+15 9.19914e+15 7.59045e+15 8.69665e+15 8.9732e+15 7.8895e+15
 3.75e+06 5.11276e+15 1.38476e+16 1.27396e+16 4.51416e+15 9.21661e+15 9.3937e+15 7.70816e+15 8.85155e+15 9.1374e+15 8.63533e+15
 3.90625e+06 4.63328e+15 1.38059e+16 1.35204e+16 4.42715e+15 9.29336e+15 9.52739e+15 7.7493e+15 8.91086e+15 9.20125e+15 9.37962e+15
 3.90625e+06 1.44628e+16 1.30941e+16 5.9655e+15 2.53518e+15 1.96344e+16 2.98189e+16 1.73295e+16 1.48673e+16 1.42518e+16 5.7534e+15
 7.8125e+06 1.79842e+16 3.13828e+14 2.30494e+16 1.00599e+16 1.60557e+16 4.79535e+16 2.46897e+16 2.03268e+16 1.92361e+16 3.38295e+15
