Equimolar mixture of water-methanol at 298 K and 1 atm
#NOTE: MSDs should be divided by the temperature.
#NOTE: MSDs have been divided by 2 or 10 (i.e., the viscosity computed from all components).
#Time	MSD_xx	MSD_yy	MSD_zz	MSD_xy	MSD_xz	MSD_yz	MSD_off	MSD_all	MSD_all2	MSD_bulkvisc
 10 1.00293e+09 1.00923e+09 1.00255e+09 1.01812e+09 1.02672e+09 1.02405e+09 1.02297e+09 1.01574e+09 1.01393e+09 1.13456e+09
 20 3.18355e+09 3.20352e+09 3.18654e+09 3.25487e+09 3.27851e+09 3.26952e+09 3.26763e+09 3.23706e+09 3.22942e+09 4.21824e+09
 30 6.60102e+09 6.64539e+09 6.61199e+09 6.76458e+09 6.80806e+09 6.80237e+09 6.79167e+09 6.72279e+09 6.70557e+09 9.07901e+09
 40 1.0758e+10 1.08393e+10 1.07887e+10 1.10573e+10 1.11129e+10 1.11291e+10 1.10998e+10 1.0978e+10 1.09475e+10 1.53729e+10
 50 1.52594e+10 1.53875e+10 1.53251e+10 1.5739e+10 1.57903e+10 1.58602e+10 1.57965e+10 1.56075e+10 1.55602e+10 2.28123e+10
 60 2.0274e+10 2.04607e+10 2.03827e+10 2.09658e+10 2.09962e+10 2.11604e+10 2.10408e+10 2.07735e+10 2.07066e+10 3.12785e+10
 70 2.52345e+10 2.54786e+10 2.53932e+10 2.61759e+10 2.61573e+10 2.6459e+10 2.62641e+10 2.5906e+10 2.58164e+10 4.04333e+10
 80 3.0518e+10 3.08213e+10 3.07249e+10 3.17302e+10 3.16368e+10 3.21274e+10 3.18315e+10 3.13741e+10 3.12598e+10 5.0232e+10
 90 3.58028e+10 3.61596e+10 3.60539e+10 3.73103e+10 3.71098e+10 3.78336e+10 3.74179e+10 3.68529e+10 3.67117e+10 6.04113e+10
 100 4.12453e+10 4.16527e+10 4.15397e+10 4.30684e+10 4.2736e+10 4.37354e+10 4.31799e+10 4.24996e+10 4.23296e+10 7.0894e+10
 110 4.69286e+10 4.73854e+10 4.72629e+10 4.90847e+10 4.8599e+10 4.99091e+10 4.91976e+10 4.83955e+10 4.8195e+10 8.15961e+10
 120 5.26907e+10 5.31888e+10 5.30688e+10 5.52005e+10 5.45466e+10 5.61943e+10 5.53138e+10 5.43814e+10 5.41483e+10 9.2384e+10
 130 5.88343e+10 5.93722e+10 5.92582e+10 6.17043e+10 6.08749e+10 6.28883e+10 6.18225e+10 6.07555e+10 6.04887e+10 1.03299e+11
 140 6.50802e+10 6.56491e+10 6.55526e+10 6.8321e+10 6.73071e+10 6.97092e+10 6.84457e+10 6.72383e+10 6.69365e+10 1.14209e+11
 150 7.16415e+10 7.22395e+10 7.21637e+10 7.52581e+10 7.40535e+10 7.6871e+10 7.53942e+10 7.40425e+10 7.37046e+10 1.25168e+11
 160 7.83732e+10 7.89978e+10 7.89401e+10 8.23753e+10 8.09616e+10 8.42174e+10 8.25181e+10 8.1019e+10 8.06442e+10 1.3612e+11
 170 8.52616e+10 8.59061e+10 8.58699e+10 8.96618e+10 8.80249e+10 9.17359e+10 8.98075e+10 8.81562e+10 8.77434e+10 1.47069e+11
 180 9.23849e+10 9.30445e+10 9.30277e+10 9.7195e+10 9.53119e+10 9.94942e+10 9.73337e+10 9.55278e+10 9.50764e+10 1.58046e+11
 190 9.95757e+10 1.00238e+11 1.00246e+11 1.04808e+11 1.02665e+11 1.07326e+11 1.04933e+11 1.02968e+11 1.02476e+11 1.69009e+11
 200 1.07017e+11 1.07673e+11 1.07705e+11 1.1268e+11 1.10265e+11 1.15417e+11 1.12787e+11 1.10658e+11 1.10126e+11 1.80031e+11
 200 1.05769e+11 1.07378e+11 1.08464e+11 1.12907e+11 1.10098e+11 1.15864e+11 1.12956e+11 1.10655e+11 1.1008e+11 1.78991e+11
 400 2.89611e+11 2.88806e+11 2.91201e+11 3.04719e+11 2.97933e+11 3.15439e+11 3.0603e+11 2.99567e+11 2.97951e+11 4.27834e+11
 600 5.20461e+11 5.11471e+11 5.22692e+11 5.4736e+11 5.37471e+11 5.69735e+11 5.51522e+11 5.38196e+11 5.34865e+11 7.32697e+11
 800 7.91062e+11 7.66673e+11 7.91949e+11 8.29875e+11 8.2082e+11 8.71734e+11 8.4081e+11 8.17777e+11 8.12019e+11 1.0824e+12
 1000 1.09122e+12 1.05012e+12 1.09001e+12 1.14495e+12 1.1423e+12 1.21127e+12 1.16617e+12 1.13055e+12 1.12164e+12 1.47024e+12
 1200 1.41935e+12 1.36106e+12 1.41428e+12 1.48499e+12 1.4947e+12 1.58594e+12 1.52188e+12 1.47242e+12 1.46006e+12 1.88759e+12
 1400 1.77118e+12 1.68968e+12 1.75325e+12 1.84097e+12 1.87632e+12 1.98721e+12 1.9015e+12 1.83611e+12 1.81977e+12 2.33643e+12
 1600 2.14209e+12 2.03136e+12 2.10585e+12 2.21386e+12 2.2837e+12 2.40783e+12 2.3018e+12 2.21832e+12 2.19745e+12 2.80557e+12
 1800 2.53376e+12 2.38581e+12 2.46623e+12 2.59967e+12 2.71777e+12 2.84745e+12 2.72163e+12 2.61775e+12 2.59178e+12 3.29007e+12
 2000 2.93888e+12 2.75093e+12 2.83539e+12 2.9986e+12 3.17286e+12 3.30402e+12 3.15849e+12 3.03179e+12 3.00011e+12 3.7836e+12
 2200 3.35572e+12 3.12054e+12 3.21638e+12 3.4086e+12 3.64676e+12 3.77401e+12 3.60979e+12 3.45822e+12 3.42033e+12 4.28736e+12
 2400 3.78622e+12 3.49423e+12 3.60888e+12 3.82615e+12 4.13679e+12 4.25699e+12 4.07331e+12 3.8959e+12 3.85155e+12 4.80277e+12
 2600 4.22481e+12 3.87125e+12 4.00979e+12 4.25396e+12 4.63788e+12 4.75803e+12 4.54996e+12 4.34409e+12 4.29262e+12 5.32983e+12
 2800 4.6727e+12 4.25179e+12 4.42142e+12 4.69158e+12 5.148e+12 5.27648e+12 5.03869e+12 4.80267e+12 4.74366e+12 5.87027e+12
 3000 5.12695e+12 4.6384e+12 4.84715e+12 5.13829e+12 5.67221e+12 5.8099e+12 5.54013e+12 5.27241e+12 5.20548e+12 6.41844e+12
 3200 5.58687e+12 5.02952e+12 5.28136e+12 5.5932e+12 6.20255e+12 6.35591e+12 6.05055e+12 5.75003e+12 5.6749e+12 6.97596e+12
 3400 6.05537e+12 5.42332e+12 5.72425e+12 6.05695e+12 6.73705e+12 6.91119e+12 6.5684e+12 6.23476e+12 6.15135e+12 7.54064e+12
 3600 6.5304e+12 5.8169e+12 6.178e+12 6.52482e+12 7.2787e+12 7.47608e+12 7.0932e+12 6.72596e+12 6.63415e+12 8.09665e+12
 3800 7.01006e+12 6.21387e+12 6.64219e+12 6.99793e+12 7.828e+12 8.05155e+12 7.62583e+12 7.22431e+12 7.12393e+12 8.65398e+12
 4000 7.493e+12 6.61303e+12 7.11727e+12 7.47543e+12 8.38413e+12 8.63687e+12 8.16548e+12 7.72906e+12 7.61996e+12 9.21144e+12
 4000 7.61666e+12 6.80635e+12 7.21292e+12 7.55233e+12 8.06403e+12 8.68156e+12 8.0993e+12 7.74437e+12 7.65564e+12 9.58263e+12
 8000 1.86126e+13 1.4557e+13 1.88475e+13 1.72905e+13 1.84396e+13 2.20159e+13 1.92487e+13 1.84848e+13 1.82939e+13 1.94025e+13
 12000 3.05629e+13 2.37063e+13 3.20017e+13 2.80922e+13 2.81649e+13 3.68152e+13 3.10241e+13 3.01172e+13 2.98905e+13 2.82347e+13
 16000 4.29132e+13 3.30172e+13 4.64773e+13 3.81987e+13 3.6996e+13 5.15343e+13 4.2243e+13 4.16668e+13 4.15228e+13 3.80437e+13
 20000 5.61404e+13 4.19846e+13 6.08004e+13 4.88279e+13 4.58999e+13 6.59088e+13 5.35456e+13 5.33174e+13 5.32603e+13 5.02652e+13
 24000 6.90393e+13 5.06338e+13 7.45494e+13 5.81768e+13 5.39057e+13 7.91798e+13 6.37541e+13 6.41488e+13 6.42475e+13 6.36012e+13
 28000 8.00647e+13 5.91679e+13 8.75731e+13 6.78777e+13 6.10941e+13 9.19065e+13 7.36261e+13 7.44164e+13 7.4614e+13 7.62537e+13
 32000 9.03423e+13 6.66851e+13 1.0021e+14 7.88063e+13 6.91437e+13 1.04149e+14 8.40328e+13 8.47179e+13 8.48892e+13 8.8688e+13
 36000 1.01186e+14 7.35514e+13 1.1355e+14 8.94404e+13 7.74458e+13 1.16241e+14 9.43757e+13 9.50637e+13 9.52357e+13 9.91534e+13
 40000 1.12297e+14 8.0462e+13 1.26764e+14 9.98002e+13 8.59446e+13 1.29008e+14 1.04918e+14 1.05554e+14 1.05713e+14 1.0998e+14
 44000 1.22882e+14 8.78565e+13 1.39046e+14 1.11483e+14 9.37296e+13 1.44649e+14 1.1662e+14 1.1661e+14 1.16608e+14 1.19652e+14
 48000 1.3298e+14 9.69931e+13 1.52278e+14 1.24675e+14 1.02254e+14 1.63188e+14 1.30039e+14 1.2899e+14 1.28728e+14 1.29591e+14
 52000 1.42248e+14 1.06965e+14 1.65139e+14 1.37658e+14 1.12359e+14 1.82586e+14 1.44201e+14 1.41768e+14 1.41159e+14 1.39737e+14
 56000 1.50682e+14 1.15096e+14 1.78472e+14 1.50374e+14 1.22066e+14 2.03056e+14 1.58499e+14 1.54332e+14 1.53291e+14 1.47291e+14
 60000 1.58383e+14 1.24111e+14 1.8999e+14 1.64503e+14 1.32497e+14 2.24401e+14 1.738e+14 1.67278e+14 1.65647e+14 1.54554e+14
 64000 1.64487e+14 1.3334e+14 2.00061e+14 1.79039e+14 1.41377e+14 2.45676e+14 1.88698e+14 1.79604e+14 1.7733e+14 1.64309e+14
 68000 1.70101e+14 1.42932e+14 2.08594e+14 1.92599e+14 1.51335e+14 2.66483e+14 2.03472e+14 1.91634e+14 1.88674e+14 1.74142e+14
 72000 1.74359e+14 1.51778e+14 2.171e+14 2.06275e+14 1.62692e+14 2.86195e+14 2.18387e+14 2.03464e+14 1.99733e+14 1.84032e+14
 76000 1.79414e+14 1.60873e+14 2.26493e+14 2.20326e+14 1.75794e+14 3.04794e+14 2.33638e+14 2.15754e+14 2.11282e+14 1.96535e+14
 80000 1.84513e+14 1.70062e+14 2.36678e+14 2.33785e+14 1.89437e+14 3.2252e+14 2.48581e+14 2.27982e+14 2.22832e+14 2.07625e+14
 80000 7.76582e+13 1.55278e+14 2.11966e+14 2.00397e+14 2.41347e+14 4.25135e+14 2.8896e+14 2.32696e+14 2.1863e+14 1.63817e+14
 160000 1.97431e+14 4.1446e+14 4.66688e+14 3.31993e+14 5.26678e+14 9.38041e+14 5.98904e+14 5.03153e+14 4.79215e+14 3.3788e+14
 240000 3.59417e+14 6.65239e+14 6.49768e+14 4.72716e+14 7.78974e+14 7.77264e+14 6.76318e+14 6.29047e+14 6.1723e+14 4.6947e+14
 320000 5.37452e+14 8.8627e+14 7.28239e+14 5.4206e+14 9.5897e+14 6.97991e+14 7.33007e+14 7.26732e+14 7.25164e+14 4.76412e+14
 400000 7.64628e+14 9.70531e+14 7.89504e+14 5.04569e+14 1.11415e+15 7.52668e+14 7.90463e+14 8.10899e+14 8.16008e+14 4.62475e+14
 480000 9.74501e+14 1.12058e+15 1.15684e+15 5.61433e+14 1.60598e+15 7.88595e+14 9.85336e+14 1.02479e+15 1.03465e+15 3.74953e+14
 560000 9.81299e+14 1.1422e+15 1.49018e+15 7.76763e+14 2.23552e+15 6.30951e+14 1.21441e+15 1.21047e+15 1.20949e+15 1.12563e+14
 640000 9.61566e+14 1.01667e+15 1.31576e+15 8.60083e+14 2.77101e+15 5.6482e+14 1.39864e+15 1.27838e+15 1.24832e+15 6.30883e+13
 720000 9.12737e+14 5.99816e+14 1.12017e+15 8.60118e+14 3.0692e+15 3.48268e+14 1.42586e+15 1.20655e+15 1.15172e+15 1.75934e+14
 800000 7.77467e+14 2.61093e+14 9.32903e+14 4.73677e+14 4.04523e+15 8.02429e+14 1.77378e+15 1.32713e+15 1.21547e+15 3.05103e+14
 880000 8.36479e+14 1.13986e+14 1.18866e+15 1.79711e+14 4.01466e+15 2.54722e+15 2.2472e+15 1.63353e+15 1.48012e+15 2.1572e+14
 960000 6.22574e+14 5.24348e+13 1.03636e+15 1.08757e+14 3.18878e+15 3.63511e+15 2.31088e+15 1.61471e+15 1.44067e+15 1.28787e+13
